Mean: 0.2085213930348258706467661692 (ms) from 20180905141236/container_control_10.10.1.2.ping
Mean: 0.2154413793103448275862068966 (ms) from 20180905141236/container_monitored_10.10.1.2.ping
Mean: 0.1560377733598409542743538767 (ms) from 20180905141236/native_control_10.10.1.2.ping
Mean: 0.1584714566929133858267716535 (ms) from 20180905141236/native_monitored_10.10.1.2.ping
