Mean: 0.2247753694581280788177339901 (ms) from 20180907153411/container_monitored_10.10.1.2.ping
Mean: 0.1600629921259842519685039370 (ms) from 20180907153411/native_monitored_10.10.1.2.ping
Mean: 0.1584314115308151093439363817 (ms) from 20180907153411/native_control_10.10.1.2.ping
Mean: 0.2119363184079601990049751244 (ms) from 20180907153411/container_control_10.10.1.2.ping
