Mean: 0.2406502463054187192118226601 (ms) from 20180907135324/container_monitored_10.10.1.2.ping
Mean: 0.1680118110236220472440944882 (ms) from 20180907135324/native_monitored_10.10.1.2.ping
Mean: 0.1569622266401590457256461233 (ms) from 20180907135324/native_control_10.10.1.2.ping
Mean: 0.2104149253731343283582089552 (ms) from 20180907135324/container_control_10.10.1.2.ping
