Mean: 0.2103283582089552238805970149 (ms) from 20180906192931/container_control_10.10.1.2.ping
Mean: 0.2426876847290640394088669951 (ms) from 20180906192931/container_monitored_10.10.1.2.ping
Mean: 0.1546421471172962226640159046 (ms) from 20180906192931/native_control_10.10.1.2.ping
Mean: 0.1754074803149606299212598425 (ms) from 20180906192931/native_monitored_10.10.1.2.ping
