Mean: 0.2103024875621890547263681592 (ms) from 20180906210934/container_control_10.10.1.2.ping
Mean: 0.2367290640394088669950738916 (ms) from 20180906210934/container_monitored_10.10.1.2.ping
Mean: 0.1567316103379721669980119284 (ms) from 20180906210934/native_control_10.10.1.2.ping
Mean: 0.1739419291338582677165354331 (ms) from 20180906210934/native_monitored_10.10.1.2.ping
