Mean: 0.2072233333333333333333333333 (ms) from 20180903172602/container_control_10.10.1.2.ping
Mean: 0.2379883333333333333333333333 (ms) from 20180903172602/container_monitored_10.10.1.2.ping
Mean: 0.1539483333333333333333333333 (ms) from 20180903172602/native_10.10.1.2.ping
Mean: 0.05270166666666666666666666667 (ms) from 20180903172602/container_monitored_10.10.1.2.lat
